100000000000000000000001
010000000000000000000010
001000000000000000000100
000100000000000000001000
000010000000000000010000
000001000000000000100000
000000100000000001000000
000000010000000010000000
000000001000000100000000
000000000100001000000000
000000000100001000000000
000000001000000100000000
000000001000000100000000
000000010000000010000000
000000010000000010000000
000000100000000001000000
000000100000000001000000
000001000000000000100000
000001000000000000100000
000010000001100000010000
000010000001100000010000
000100000010010000001000
000100000010010000001000
001000000100001000000100
001000000100001000000100
010000001000000100000010
010000001000000100000010
100000010000000010000001
100000010000000010000001
100000010000000010000001
100000010000000010000001
100000010000000010000001
100000010000000010000001
100000010000000010000001
100000010000000010000001
100000010000000010000001
010000001000000100000010
010000001000000100000010
001000000100001000000100
001000000100001000000100
000100000010010000001000
000100000010010000001000
000010000001100000010000
000010000001100000010000
000001000000000000100000
000001000000000000100000
000000100000000001000000
000000100000000001000000
000000010000000010000000
000000010000000010000000
000000001000000100000000
000000001000000100000000
000000000100001000000000
000000000100001000000000
000000001000000100000000
000000001000000100000000
000000010000000010000000
000000010000000010000000
000000100000000001000000
000000100000000001000000
000001000000000000100000
000001000000000000100000
000010000001100000010000
000010000001100000010000
000100000010010000001000
000100000010010000001000
001000000100001000000100
001000000100001000000100
010000001000000100000010
010000001000000100000010
100000010000000010000001
100000010000000010000001
100000010000000010000001
100000010000000010000001
100000010000000010000001
100000010000000010000001
100000010000000010000001
100000010000000010000001
100000010000000010000001
010000001000000100000010
010000001000000100000010
001000000100001000000100
001000000100001000000100
000100000010010000001000
000100000010010000001000
000010000001100000010000
000010000001100000010000
000001000000000000100000
000001000000000000100000
000000100000000001000000
000000100000000001000000
000000010000000010000000
000000010000000010000000
000000001000000100000000
000000001000000100000000
000000001000000100000000
000000010000000010000000
000001000000000000100000
000010000000000000010000
000100000000000000001000
001000000000000000000100
010000000000000000000010
100000000000000000000001

